 Effective number of bins, and bins:            4           5

OBS :    1      -80.949543      0.140365

OBS :    2        1.000000      0.000000
