 Effective number of bins, and bins:            4           5

OBS :    1      -43.192866      0.267477

OBS :    2        1.000000      0.000000
