 Effective number of bins, and bins:            4           5

OBS :    1     -123.589646      0.320278

OBS :    2        1.000000      0.000000
