 Effective number of bins, and bins:            4           5

OBS :    1      -10.526461      0.165754

OBS :    2        1.000000      0.000000
