 Effective number of bins, and bins:            4           5

OBS :    1       -0.657697      0.010999

OBS :    2        1.000000      0.000000
