 Effective number of bins, and bins:            3           4

OBS :    1        2.794924      0.449884

OBS :    2        1.000000      0.000000
