 Effective number of bins, and bins:            4           5

OBS :    1      -21.412932      0.071604

OBS :    2        1.000000      0.000000
