 Effective number of bins, and bins:            4           5

OBS :    1        7.952368      0.034778

OBS :    2        1.000000      0.000000
