 Effective number of bins, and bins:            5           6

OBS :    1      -13.545633      0.012408

OBS :    2        1.000000      0.000000
