 Effective number of bins, and bins:            5           6

OBS :    1      -21.086553      0.026721

OBS :    2        1.000000      0.000000
