 Effective number of bins, and bins:            4           5

OBS :    1     -295.213414      0.699998

OBS :    2        1.000000      0.000000
