 Effective number of bins, and bins:            4           5

OBS :    1     -125.071692      0.052942

OBS :    2        1.000000      0.000000
