 Effective number of bins, and bins:            4           5

OBS :    1     -170.141722      0.731283

OBS :    2        1.000000      0.000000
