 Effective number of bins, and bins:            4           5

OBS :    1     -100.219611      0.874391

OBS :    2        1.000000      0.000000
