 Effective number of bins, and bins:            4           5

OBS :    1      -47.862310      0.317068

OBS :    2        1.000000      0.000000
