 Effective number of bins, and bins:            4           5

OBS :    1       -7.105515      0.005280

OBS :    2        1.000000      0.000000
