 Effective number of bins, and bins:            4           5

OBS :    1       -8.825524      0.008296

OBS :    2        1.000000      0.000000
