 Effective number of bins, and bins:            4           5

OBS :    1        1.720010      0.007714

OBS :    2        1.000000      0.000000
