 Effective number of bins, and bins:            4           5

OBS :    1       -3.210350      0.087605

OBS :    2        1.000000      0.000000
