 Effective number of bins, and bins:            4           5

OBS :    1        3.002381      0.072287

OBS :    2        1.000000      0.000000
