 Effective number of bins, and bins:            4           5

OBS :    1       -4.902826      0.062731

OBS :    2        1.000000      0.000000
