 Effective number of bins, and bins:            4           5

OBS :    1     -329.162592      0.598165

OBS :    2        1.000000      0.000000
