 Effective number of bins, and bins:            4           5

OBS :    1     -133.851401      0.162751

OBS :    2        1.000000      0.000000
