 Effective number of bins, and bins:            4           5

OBS :    1      123.402468      0.039834

OBS :    2        1.000000      0.000000
