 Effective number of bins, and bins:            4           5

OBS :    1     -195.311191      0.698829

OBS :    2        1.000000      0.000000
