 Effective number of bins, and bins:            4           5

OBS :    1      -35.231675      0.416994

OBS :    2        1.000000      0.000000
