 Effective number of bins, and bins:            4           5

OBS :    1      -21.165976      0.067242

OBS :    2        1.000000      0.000000
