 Effective number of bins, and bins:            4           5

OBS :    1      -11.051124      0.106174

OBS :    2        1.000000      0.000000
