 Effective number of bins, and bins:            4           5

OBS :    1      -19.623824      0.197188

OBS :    2        1.000000      0.000000
