 Effective number of bins, and bins:            3           4

OBS :    1       -3.662749      0.388795

OBS :    2        1.000000      0.000000
