 Effective number of bins, and bins:            9          10

OBS :    1      -30.371096      0.058293

OBS :    2        1.000000      0.000000
