 Effective number of bins, and bins:            9          10

OBS :    1       36.000000      0.000000

OBS :    2        1.000000      0.000000
