 Effective number of bins, and bins:            9          10

OBS :    1       18.043559      0.047987

OBS :    2        1.000000      0.000000
