 Effective number of bins, and bins:            4           5

OBS :    1     -111.214294      0.094166

OBS :    2        1.000000      0.000000
