 Effective number of bins, and bins:            4           5

OBS :    1      -79.691172      0.838523

OBS :    2        1.000000      0.000000
