 Effective number of bins, and bins:            4           5

OBS :    1      -95.073926      0.774694

OBS :    2        1.000000      0.000000
