 Effective number of bins, and bins:            4           5

OBS :    1       15.382754      0.124754

OBS :    2        1.000000      0.000000
