 Effective number of bins, and bins:           14          15

OBS :    1      -13.563666      0.020714

OBS :    2        1.000000      0.000000
