 Effective number of bins, and bins:           14          15

OBS :    1      -21.098193      0.015902

OBS :    2        1.000000      0.000000
