 Effective number of bins, and bins:           14          15

OBS :    1       -0.660470      0.001524

OBS :    2        1.000000      0.000000
