 Effective number of bins, and bins:           14          15

OBS :    1        7.534527      0.017817

OBS :    2        1.000000      0.000000
