 Effective number of bins, and bins:            4           5

OBS :    1      -81.231968      0.413396

OBS :    2        1.000000      0.000000
