 Effective number of bins, and bins:            4           5

OBS :    1        4.102802      0.089264

OBS :    2        1.000000      0.000000
