 Effective number of bins, and bins:            9          10

OBS :    1     -172.563213      0.283286

OBS :    2        1.000000      0.000000
