 Effective number of bins, and bins:            9          10

OBS :    1      -80.515779      0.125006

OBS :    2        1.000000      0.000000
