 Effective number of bins, and bins:            9          10

OBS :    1       63.172775      0.003721

OBS :    2        1.000000      0.000000
