 Effective number of bins, and bins:            9          10

OBS :    1      -92.047433      0.348211

OBS :    2        1.000000      0.000000
