 Effective number of bins, and bins:            4           5

OBS :    1      -75.587655      0.137283

OBS :    2        1.000000      0.000000
