 Effective number of bins, and bins:            4           5

OBS :    1       34.832191      0.051994

OBS :    2        1.000000      0.000000
