 Effective number of bins, and bins:            4           5

OBS :    1      -39.455757      0.166796

OBS :    2        1.000000      0.000000
