 Effective number of bins, and bins:            4           5

OBS :    1      -51.224862      0.573738

OBS :    2        1.000000      0.000000
