 Effective number of bins, and bins:            4           5

OBS :    1       26.525199      0.420842

OBS :    2        1.000000      0.000000
