 Effective number of bins, and bins:            9          10

OBS :    1     -102.537312      0.198994

OBS :    2        1.000000      0.000000
