 Effective number of bins, and bins:            9          10

OBS :    1      -48.507520      0.019833

OBS :    2        1.000000      0.000000
