 Effective number of bins, and bins:            9          10

OBS :    1      -54.029792      0.205187

OBS :    2        1.000000      0.000000
