 Effective number of bins, and bins:            4           5

OBS :    1       15.545474      0.066718

OBS :    2        1.000000      0.000000
