 Effective number of bins, and bins:            4           5

OBS :    1      -65.077367      0.166429

OBS :    2        1.000000      0.000000
