 Effective number of bins, and bins:            4           5

OBS :    1       25.953776      0.101448

OBS :    2        1.000000      0.000000
