 Effective number of bins, and bins:            4           5

OBS :    1     -285.145484      1.717820

OBS :    2        1.000000      0.000000
