 Effective number of bins, and bins:            4           5

OBS :    1     -124.569725      0.769178

OBS :    2        1.000000      0.000000
