 Effective number of bins, and bins:            4           5

OBS :    1      106.473934      0.041703

OBS :    2        1.000000      0.000000
