 Effective number of bins, and bins:            4           5

OBS :    1     -160.575759      1.736476

OBS :    2        1.000000      0.000000
