 Effective number of bins, and bins:            4           5

OBS :    1     -163.432652      3.420138

OBS :    2        1.000000      0.000000
