 Effective number of bins, and bins:            4           5

OBS :    1      -79.838090      0.210363

OBS :    2        1.000000      0.000000
