 Effective number of bins, and bins:            4           5

OBS :    1       57.893565      0.027531

OBS :    2        1.000000      0.000000
