 Effective number of bins, and bins:            4           5

OBS :    1      -45.248863      0.380864

OBS :    2        1.000000      0.000000
