 Effective number of bins, and bins:            4           5

OBS :    1     -165.616577      0.375045

OBS :    2        1.000000      0.000000
