 Effective number of bins, and bins:            4           5

OBS :    1      -86.716977      0.096644

OBS :    2        1.000000      0.000000
