 Effective number of bins, and bins:            4           5

OBS :    1      -78.899599      0.345491

OBS :    2        1.000000      0.000000
