 Effective number of bins, and bins:            4           5

OBS :    1       20.914006      0.010445

OBS :    2        1.000000      0.000000
