 Effective number of bins, and bins:            4           5

OBS :    1      -68.275715      0.720904

OBS :    2        1.000000      0.000000
