 Effective number of bins, and bins:            4           5

OBS :    1       50.822926      0.179747

OBS :    2        1.000000      0.000000
