 Effective number of bins, and bins:            4           5

OBS :    1       55.443588      0.055776

OBS :    2        1.000000      0.000000
