 Effective number of bins, and bins:            4           5

OBS :    1       -8.245323      0.082217

OBS :    2        1.000000      0.000000
