 Effective number of bins, and bins:            4           5

OBS :    1        2.719833      0.061219

OBS :    2        1.000000      0.000000
