 Effective number of bins, and bins:            4           5

OBS :    1     -259.804638      0.637349

OBS :    2        1.000000      0.000000
