 Effective number of bins, and bins:            4           5

OBS :    1     -136.031379      0.219021

OBS :    2        1.000000      0.000000
