 Effective number of bins, and bins:            4           5

OBS :    1     -123.773258      0.479655

OBS :    2        1.000000      0.000000
