 Effective number of bins, and bins:            9          10

OBS :    1       -0.677080      0.000598

OBS :    2        1.000000      0.000000
