 Effective number of bins, and bins:            9          10

OBS :    1      -78.015915      0.081305

OBS :    2        1.000000      0.000000
