 Effective number of bins, and bins:            4           5

OBS :    1      -13.567391      0.032657

OBS :    2        1.000000      0.000000
