 Effective number of bins, and bins:            4           5

OBS :    1      -21.107889      0.021312

OBS :    2        1.000000      0.000000
