 Effective number of bins, and bins:            3           4

OBS :    1       -6.457672      0.133915

OBS :    2        1.000000      0.000000
