 Effective number of bins, and bins:            4           5

OBS :    1      -48.661214      0.223493

OBS :    2        1.000000      0.000000
