 Effective number of bins, and bins:            4           5

OBS :    1     -116.318095      0.196623

OBS :    2        1.000000      0.000000
