 Effective number of bins, and bins:            4           5

OBS :    1      -75.961345      0.244297

OBS :    2        1.000000      0.000000
