 Effective number of bins, and bins:            4           5

OBS :    1      -40.356750      0.096472

OBS :    2        1.000000      0.000000
