 Effective number of bins, and bins:            9          10

OBS :    1     -164.811305      0.201256

OBS :    2        1.000000      0.000000
