 Effective number of bins, and bins:            9          10

OBS :    1      -86.420877      0.099683

OBS :    2        1.000000      0.000000
