 Effective number of bins, and bins:            9          10

OBS :    1      -78.390428      0.260673

OBS :    2        1.000000      0.000000
