 Effective number of bins, and bins:            5           6

OBS :    1      -30.758200      0.049805

OBS :    2        1.000000      0.000000
