 Effective number of bins, and bins:            5           6

OBS :    1       -0.677062      0.002113

OBS :    2        1.000000      0.000000
