 Effective number of bins, and bins:            5           6

OBS :    1      -48.597401      0.050876

OBS :    2        1.000000      0.000000
