 Effective number of bins, and bins:            5           6

OBS :    1       17.839200      0.057141

OBS :    2        1.000000      0.000000
