 Effective number of bins, and bins:            4           5

OBS :    1     -102.793040      0.869605

OBS :    2        1.000000      0.000000
