 Effective number of bins, and bins:            4           5

OBS :    1      -13.185017      0.086616

OBS :    2        1.000000      0.000000
