 Effective number of bins, and bins:            4           5

OBS :    1        8.153885      0.118055

OBS :    2        1.000000      0.000000
