 Effective number of bins, and bins:            9          10

OBS :    1     -165.323439      0.243963

OBS :    2        1.000000      0.000000
