 Effective number of bins, and bins:            9          10

OBS :    1     -176.942306      0.370538

OBS :    2        1.000000      0.000000
