 Effective number of bins, and bins:            9          10

OBS :    1      -90.018097      0.376562

OBS :    2        1.000000      0.000000
