 Effective number of bins, and bins:            4           5

OBS :    1        8.572700      0.102689

OBS :    2        1.000000      0.000000
