 Effective number of bins, and bins:           24          25

OBS :    1      -30.775517      0.014853

OBS :    2        1.000000      0.000000
