 Effective number of bins, and bins:           24          25

OBS :    1      -48.547014      0.020382

OBS :    2        1.000000      0.000000
