 Effective number of bins, and bins:           24          25

OBS :    1       17.771497      0.018024

OBS :    2        1.000000      0.000000
