 Effective number of bins, and bins:            4           5

OBS :    1        7.191468      0.477176

OBS :    2        1.000000      0.000000
