 Effective number of bins, and bins:            4           5

OBS :    1     -162.304098      0.207931

OBS :    2        1.000000      0.000000
