 Effective number of bins, and bins:            4           5

OBS :    1      -41.343417      0.287658

OBS :    2        1.000000      0.000000
