 Effective number of bins, and bins:            4           5

OBS :    1     -116.469390      0.187307

OBS :    2        1.000000      0.000000
