 Effective number of bins, and bins:            4           5

OBS :    1      -76.134631      0.164784

OBS :    2        1.000000      0.000000
