 Effective number of bins, and bins:            4           5

OBS :    1       35.188225      0.097246

OBS :    2        1.000000      0.000000
