 Effective number of bins, and bins:            4           5

OBS :    1      -40.334759      0.084674

OBS :    2        1.000000      0.000000
