 Effective number of bins, and bins:            4           5

OBS :    1      -92.492276      0.258986

OBS :    2        1.000000      0.000000
