 Effective number of bins, and bins:            4           5

OBS :    1      -48.286840      0.113442

OBS :    2        1.000000      0.000000
