 Effective number of bins, and bins:            4           5

OBS :    1      -44.205435      0.210897

OBS :    2        1.000000      0.000000
