 Effective number of bins, and bins:            4           5

OBS :    1      -92.147257      0.294831

OBS :    2        1.000000      0.000000
