 Effective number of bins, and bins:            4           5

OBS :    1      -48.110779      0.152071

OBS :    2        1.000000      0.000000
