 Effective number of bins, and bins:            4           5

OBS :    1       31.024307      0.064757

OBS :    2        1.000000      0.000000
