 Effective number of bins, and bins:            4           5

OBS :    1      -44.036478      0.422875

OBS :    2        1.000000      0.000000
