 Effective number of bins, and bins:            9          10

OBS :    1      -80.206190      0.053820

OBS :    2        1.000000      0.000000
