 Effective number of bins, and bins:            9          10

OBS :    1       59.901322      0.006508

OBS :    2        1.000000      0.000000
