 Effective number of bins, and bins:            9          10

OBS :    1      -84.976568      0.119590

OBS :    2        1.000000      0.000000
