 Effective number of bins, and bins:            4           5

OBS :    1        5.696178      0.044042

OBS :    2        1.000000      0.000000
