 Effective number of bins, and bins:            4           5

OBS :    1       17.798493      0.052272

OBS :    2        1.000000      0.000000
