 Effective number of bins, and bins:            9          10

OBS :    1      -85.984331      0.086502

OBS :    2        1.000000      0.000000
