 Effective number of bins, and bins:            9          10

OBS :    1       -0.684075      0.002525

OBS :    2        1.000000      0.000000
