 Effective number of bins, and bins:            9          10

OBS :    1     -136.941231      0.158452

OBS :    2        1.000000      0.000000
