 Effective number of bins, and bins:            9          10

OBS :    1       50.956899      0.128245

OBS :    2        1.000000      0.000000
