 Effective number of bins, and bins:            4           5

OBS :    1     -287.799125      1.189816

OBS :    2        1.000000      0.000000
