 Effective number of bins, and bins:            4           5

OBS :    1     -136.630977      0.155820

OBS :    2        1.000000      0.000000
