 Effective number of bins, and bins:            4           5

OBS :    1     -151.168148      1.247759

OBS :    2        1.000000      0.000000
