 Effective number of bins, and bins:            9          10

OBS :    1       55.444693      0.022899

OBS :    2        1.000000      0.000000
