 Effective number of bins, and bins:            9          10

OBS :    1     -177.052604      0.168277

OBS :    2        1.000000      0.000000
