 Effective number of bins, and bins:            9          10

OBS :    1      -85.930525      0.065155

OBS :    2        1.000000      0.000000
