 Effective number of bins, and bins:            9          10

OBS :    1       62.952447      0.003108

OBS :    2        1.000000      0.000000
