 Effective number of bins, and bins:            9          10

OBS :    1      -91.122078      0.206563

OBS :    2        1.000000      0.000000
