 Effective number of bins, and bins:            9          10

OBS :    1     -100.731167      0.158955

OBS :    2        1.000000      0.000000
