 Effective number of bins, and bins:            9          10

OBS :    1      -47.800106      0.052558

OBS :    2        1.000000      0.000000
