 Effective number of bins, and bins:            9          10

OBS :    1       -0.662782      0.001210

OBS :    2        1.000000      0.000000
