 Effective number of bins, and bins:            9          10

OBS :    1      -52.931061      0.156008

OBS :    2        1.000000      0.000000
