 Effective number of bins, and bins:            4           5

OBS :    1     -259.186584      0.607450

OBS :    2        1.000000      0.000000
