 Effective number of bins, and bins:            4           5

OBS :    1     -135.977805      0.551977

OBS :    2        1.000000      0.000000
