 Effective number of bins, and bins:            9          10

OBS :    1     -169.873058      0.515373

OBS :    2        1.000000      0.000000
