 Effective number of bins, and bins:            9          10

OBS :    1      -80.443104      0.120129

OBS :    2        1.000000      0.000000
