 Effective number of bins, and bins:            9          10

OBS :    1      -89.429954      0.513259

OBS :    2        1.000000      0.000000
