 Effective number of bins, and bins:            4           5

OBS :    1       -9.507112      0.332307

OBS :    2        1.000000      0.000000
