 Effective number of bins, and bins:            9          10

OBS :    1     -162.880222      0.206141

OBS :    2        1.000000      0.000000
