 Effective number of bins, and bins:            9          10

OBS :    1      -85.422893      0.109507

OBS :    2        1.000000      0.000000
