 Effective number of bins, and bins:            9          10

OBS :    1       56.178530      0.020156

OBS :    2        1.000000      0.000000
