 Effective number of bins, and bins:            9          10

OBS :    1      -77.457329      0.244947

OBS :    2        1.000000      0.000000
