 Effective number of bins, and bins:            4           5

OBS :    1     -347.583739      0.516753

OBS :    2        1.000000      0.000000
