 Effective number of bins, and bins:            4           5

OBS :    1     -221.264187      0.661351

OBS :    2        1.000000      0.000000
