 Effective number of bins, and bins:            4           5

OBS :    1     -348.716280      0.241990

OBS :    2        1.000000      0.000000
