 Effective number of bins, and bins:            4           5

OBS :    1      135.474433      0.103108

OBS :    2        1.000000      0.000000
