 Effective number of bins, and bins:            4           5

OBS :    1       14.813237      0.071669

OBS :    2        1.000000      0.000000
