 Effective number of bins, and bins:            9          10

OBS :    1      -80.106810      0.073127

OBS :    2        1.000000      0.000000
