 Effective number of bins, and bins:            3           4

OBS :    1      -13.551884      0.040283

OBS :    2        1.000000      0.000000
