 Effective number of bins, and bins:            3           4

OBS :    1      -10.465909      0.153206

OBS :    2        1.000000      0.000000
