 Effective number of bins, and bins:            3           4

OBS :    1        7.541734      0.055828

OBS :    2        1.000000      0.000000
