 Effective number of bins, and bins:            4           5

OBS :    1      -43.244707      0.345732

OBS :    2        1.000000      0.000000
