 Effective number of bins, and bins:            4           5

OBS :    1      -19.765688      0.201254

OBS :    2        1.000000      0.000000
