 Effective number of bins, and bins:            4           5

OBS :    1      -91.031144      0.178766

OBS :    2        1.000000      0.000000
