 Effective number of bins, and bins:            4           5

OBS :    1      124.700454      0.258855

OBS :    2        1.000000      0.000000
