 Effective number of bins, and bins:            4           5

OBS :    1     -196.252168      1.818839

OBS :    2        1.000000      0.000000
