 Effective number of bins, and bins:            4           5

OBS :    1      -45.067493      0.244410

OBS :    2        1.000000      0.000000
