 Effective number of bins, and bins:            4           5

OBS :    1      -23.765074      0.256108

OBS :    2        1.000000      0.000000
