 Effective number of bins, and bins:            4           5

OBS :    1     -164.904589      0.461742

OBS :    2        1.000000      0.000000
