 Effective number of bins, and bins:            4           5

OBS :    1       55.748443      0.064036

OBS :    2        1.000000      0.000000
