 Effective number of bins, and bins:            4           5

OBS :    1      -92.492588      0.520193

OBS :    2        1.000000      0.000000
