 Effective number of bins, and bins:            4           5

OBS :    1      -31.429871      0.553567

OBS :    2        1.000000      0.000000
