 Effective number of bins, and bins:            4           5

OBS :    1      -60.580820      0.874262

OBS :    2        1.000000      0.000000
