 Effective number of bins, and bins:            4           5

OBS :    1       29.150950      0.465618

OBS :    2        1.000000      0.000000
