 Effective number of bins, and bins:            4           5

OBS :    1     -255.503752      0.823529

OBS :    2        1.000000      0.000000
