 Effective number of bins, and bins:            4           5

OBS :    1     -133.805011      0.138007

OBS :    2        1.000000      0.000000
