 Effective number of bins, and bins:            4           5

OBS :    1       88.386758      0.035022

OBS :    2        1.000000      0.000000
