 Effective number of bins, and bins:            4           5

OBS :    1     -121.698741      0.746008

OBS :    2        1.000000      0.000000
