 Effective number of bins, and bins:            4           5

OBS :    1      -13.529284      0.037447

OBS :    2        1.000000      0.000000
