 Effective number of bins, and bins:            9          10

OBS :    1      -77.837011      0.144609

OBS :    2        1.000000      0.000000
