 Effective number of bins, and bins:            4           5

OBS :    1        7.580090      0.134971

OBS :    2        1.000000      0.000000
