 Effective number of bins, and bins:            4           5

OBS :    1      -96.382668      0.237507

OBS :    2        1.000000      0.000000
