 Effective number of bins, and bins:            4           5

OBS :    1      -45.329502      0.141953

OBS :    2        1.000000      0.000000
