 Effective number of bins, and bins:            4           5

OBS :    1      -51.053167      0.153018

OBS :    2        1.000000      0.000000
