 Effective number of bins, and bins:            4           5

OBS :    1     -315.164899      0.162018

OBS :    2        1.000000      0.000000
