 Effective number of bins, and bins:            4           5

OBS :    1       -0.673808      0.002462

OBS :    2        1.000000      0.000000
