 Effective number of bins, and bins:            4           5

OBS :    1     -180.068125      0.537414

OBS :    2        1.000000      0.000000
