 Effective number of bins, and bins:            4           5

OBS :    1     -317.787810      0.630533

OBS :    2        1.000000      0.000000
