 Effective number of bins, and bins:            4           5

OBS :    1     -135.471347      0.183120

OBS :    2        1.000000      0.000000
