 Effective number of bins, and bins:            4           5

OBS :    1       -0.677602      0.001966

OBS :    2        1.000000      0.000000
