 Effective number of bins, and bins:            4           5

OBS :    1     -182.316463      0.752605

OBS :    2        1.000000      0.000000
