 Effective number of bins, and bins:            4           5

OBS :    1       -1.157684      0.337081

OBS :    2        0.998058      0.002243
