 Effective number of bins, and bins:            4           5

OBS :    1       51.367234      1.325736

OBS :    2        0.998058      0.002243
