 Effective number of bins, and bins:            4           5

OBS :    1      -97.218535      0.851194

OBS :    2        1.000000      0.000000
