 Effective number of bins, and bins:            4           5

OBS :    1       -0.631215      0.000731

OBS :    2        1.000000      0.000000
