 Effective number of bins, and bins:            4           5

OBS :    1      -52.004767      0.893373

OBS :    2        1.000000      0.000000
