 Effective number of bins, and bins:            4           5

OBS :    1      -45.388395      0.068021

OBS :    2        1.000000      0.000000
