 Effective number of bins, and bins:            4           5

OBS :    1      -21.101359      0.022413

OBS :    2        1.000000      0.000000
