 Effective number of bins, and bins:            4           5

OBS :    1      -50.319536      0.092352

OBS :    2        1.000000      0.000000
