 Effective number of bins, and bins:            4           5

OBS :    1       -0.659898      0.004061

OBS :    2        1.000000      0.000000
