 Effective number of bins, and bins:            7           8

OBS :    1      -13.533111      0.019694

OBS :    2        1.000000      0.000000
