 Effective number of bins, and bins:            7           8

OBS :    1      -21.078990      0.018971

OBS :    2        1.000000      0.000000
