 Effective number of bins, and bins:            7           8

OBS :    1       -0.659078      0.002868

OBS :    2        1.000000      0.000000
