 Effective number of bins, and bins:            4           5

OBS :    1        6.963616      0.092019

OBS :    2        1.000000      0.000000
