 Effective number of bins, and bins:            9          10

OBS :    1      -87.132487      0.026869

OBS :    2        1.000000      0.000000
