 Effective number of bins, and bins:            9          10

OBS :    1       61.721223      0.004292

OBS :    2        1.000000      0.000000
