 Effective number of bins, and bins:            9          10

OBS :    1      -91.045895      0.125611

OBS :    2        1.000000      0.000000
