 Effective number of bins, and bins:            9          10

OBS :    1      -91.974026      0.035425

OBS :    2        1.000000      0.000000
