 Effective number of bins, and bins:            9          10

OBS :    1      -48.383179      0.028131

OBS :    2        1.000000      0.000000
