 Effective number of bins, and bins:            9          10

OBS :    1       30.914212      0.013484

OBS :    2        1.000000      0.000000
