 Effective number of bins, and bins:            9          10

OBS :    1      -43.590846      0.046944

OBS :    2        1.000000      0.000000
