 Effective number of bins, and bins:            4           5

OBS :    1       -9.867318      0.100790

OBS :    2        1.000000      0.000000
