 Effective number of bins, and bins:            4           5

OBS :    1     -165.941448      0.453182

OBS :    2        1.000000      0.000000
