 Effective number of bins, and bins:            9          10

OBS :    1     -163.280656      0.124555

OBS :    2        1.000000      0.000000
