 Effective number of bins, and bins:            9          10

OBS :    1       56.184774      0.013704

OBS :    2        1.000000      0.000000
