 Effective number of bins, and bins:            9          10

OBS :    1     -165.183442      0.082138

OBS :    2        1.000000      0.000000
