 Effective number of bins, and bins:            4           5

OBS :    1      -45.291452      0.155680

OBS :    2        1.000000      0.000000
