 Effective number of bins, and bins:            4           5

OBS :    1      -21.105696      0.061650

OBS :    2        1.000000      0.000000
