 Effective number of bins, and bins:            4           5

OBS :    1       14.677996      0.043207

OBS :    2        1.000000      0.000000
