 Effective number of bins, and bins:            9          10

OBS :    1        7.526201      0.026174

OBS :    2        1.000000      0.000000
