 Effective number of bins, and bins:            4           5

OBS :    1      -52.868870      0.103908

OBS :    2        1.000000      0.000000
