 Effective number of bins, and bins:           19          20

OBS :    1       -0.659033      0.001442

OBS :    2        1.000000      0.000000
