 Effective number of bins, and bins:           19          20

OBS :    1      -21.103029      0.013304

OBS :    2        1.000000      0.000000
