 Effective number of bins, and bins:           19          20

OBS :    1        7.541393      0.013490

OBS :    2        1.000000      0.000000
