 Effective number of bins, and bins:            3           4

OBS :    1      -24.380406      0.147037

OBS :    2        1.000000      0.000000
