 Effective number of bins, and bins:            3           4

OBS :    1       17.780656      0.045954

OBS :    2        1.000000      0.000000
