 Effective number of bins, and bins:            4           5

OBS :    1     -181.435448      0.414750

OBS :    2        1.000000      0.000000
