 Effective number of bins, and bins:            4           5

OBS :    1      -86.778786      0.180578

OBS :    2        1.000000      0.000000
