 Effective number of bins, and bins:            4           5

OBS :    1     -164.861033      0.388889

OBS :    2        1.000000      0.000000
