 Effective number of bins, and bins:            4           5

OBS :    1      -86.251558      0.153341

OBS :    2        1.000000      0.000000
