 Effective number of bins, and bins:            4           5

OBS :    1      -78.609475      0.520124

OBS :    2        1.000000      0.000000
