 Effective number of bins, and bins:            9          10

OBS :    1      -54.991455      0.078483

OBS :    2        1.000000      0.000000
