 Effective number of bins, and bins:            9          10

OBS :    1       -0.683638      0.001847

OBS :    2        1.000000      0.000000
