 Effective number of bins, and bins:            9          10

OBS :    1       32.162987      0.040379

OBS :    2        1.000000      0.000000
