 Effective number of bins, and bins:            4           5

OBS :    1      -96.047774      0.967660

OBS :    2        1.000000      0.000000
