 Effective number of bins, and bins:            4           5

OBS :    1       10.000000      0.000000

OBS :    2        1.000000      0.000000
