 Effective number of bins, and bins:            4           5

OBS :    1      -54.844349      0.162704

OBS :    2        1.000000      0.000000
