 Effective number of bins, and bins:            4           5

OBS :    1      -87.477692      0.158415

OBS :    2        1.000000      0.000000
