 Effective number of bins, and bins:            4           5

OBS :    1       32.633343      0.292351

OBS :    2        1.000000      0.000000
