 Effective number of bins, and bins:            4           5

OBS :    1       29.745649      0.061562

OBS :    2        1.000000      0.000000
