 Effective number of bins, and bins:            9          10

OBS :    1     -102.588569      0.346117

OBS :    2        1.000000      0.000000
