 Effective number of bins, and bins:            9          10

OBS :    1      -54.182693      0.368739

OBS :    2        1.000000      0.000000
