 Effective number of bins, and bins:            9          10

OBS :    1       19.542809      0.064955

OBS :    2        1.000000      0.000000
