 Effective number of bins, and bins:            4           5

OBS :    1      -24.385071      0.261669

OBS :    2        1.000000      0.000000
