 Effective number of bins, and bins:            9          10

OBS :    1       55.553002      0.012539

OBS :    2        1.000000      0.000000
