 Effective number of bins, and bins:            4           5

OBS :    1      -45.773833      0.576011

OBS :    2        1.000000      0.000000
