 Effective number of bins, and bins:            4           5

OBS :    1     -135.934782      0.517298

OBS :    2        1.000000      0.000000
