 Effective number of bins, and bins:            9          10

OBS :    1      -21.076330      0.015027

OBS :    2        1.000000      0.000000
