 Effective number of bins, and bins:            4           5

OBS :    1      -10.073540      0.062052

OBS :    2        1.000000      0.000000
