 Effective number of bins, and bins:            4           5

OBS :    1      -90.626113      0.252952

OBS :    2        1.000000      0.000000
