 Effective number of bins, and bins:            4           5

OBS :    1       31.290188      0.072760

OBS :    2        1.000000      0.000000
