 Effective number of bins, and bins:            9          10

OBS :    1       58.731503      0.013544

OBS :    2        1.000000      0.000000
