 Effective number of bins, and bins:            9          10

OBS :    1      -84.411856      0.133454

OBS :    2        1.000000      0.000000
