 Effective number of bins, and bins:            9          10

OBS :    1     -165.238201      0.134683

OBS :    2        1.000000      0.000000
