 Effective number of bins, and bins:            9          10

OBS :    1      -86.808949      0.071963

OBS :    2        1.000000      0.000000
