 Effective number of bins, and bins:            9          10

OBS :    1      -78.429252      0.156415

OBS :    2        1.000000      0.000000
