 Effective number of bins, and bins:            4           5

OBS :    1      -45.456322      0.152656

OBS :    2        1.000000      0.000000
