 Effective number of bins, and bins:            4           5

OBS :    1       -0.665534      0.008722

OBS :    2        1.000000      0.000000
