 Effective number of bins, and bins:            4           5

OBS :    1      -21.204269      0.051430

OBS :    2        1.000000      0.000000
