 Effective number of bins, and bins:            4           5

OBS :    1     -115.189989      0.344176

OBS :    2        1.000000      0.000000
