 Effective number of bins, and bins:            4           5

OBS :    1      -70.874515      0.377608

OBS :    2        1.000000      0.000000
