 Effective number of bins, and bins:            4           5

OBS :    1       37.651279      0.129308

OBS :    2        1.000000      0.000000
