 Effective number of bins, and bins:            9          10

OBS :    1      -48.533552      0.030471

OBS :    2        1.000000      0.000000
