 Effective number of bins, and bins:            4           5

OBS :    1       -0.677994      0.002200

OBS :    2        1.000000      0.000000
