 Effective number of bins, and bins:            4           5

OBS :    1      -87.021416      0.175940

OBS :    2        1.000000      0.000000
