 Effective number of bins, and bins:            4           5

OBS :    1       22.132765      0.063255

OBS :    2        1.000000      0.000000
