 Effective number of bins, and bins:            9          10

OBS :    1       -0.681187      0.000936

OBS :    2        1.000000      0.000000
