 Effective number of bins, and bins:            9          10

OBS :    1      -87.135933      0.048568

OBS :    2        1.000000      0.000000
