 Effective number of bins, and bins:            9          10

OBS :    1       63.125680      0.002260

OBS :    2        1.000000      0.000000
