 Effective number of bins, and bins:            9          10

OBS :    1      -93.710861      0.204506

OBS :    2        1.000000      0.000000
