 Effective number of bins, and bins:            4           5

OBS :    1       12.549744      0.122109

OBS :    2        1.000000      0.000000
