 Effective number of bins, and bins:            9          10

OBS :    1      -87.065642      0.042500

OBS :    2        1.000000      0.000000
