 Effective number of bins, and bins:            9          10

OBS :    1       58.707320      0.008175

OBS :    2        1.000000      0.000000
