 Effective number of bins, and bins:            9          10

OBS :    1      -84.855403      0.085997

OBS :    2        1.000000      0.000000
