 Effective number of bins, and bins:            9          10

OBS :    1      -48.415606      0.024681

OBS :    2        1.000000      0.000000
