 Effective number of bins, and bins:            4           5

OBS :    1       -5.486482      0.176074

OBS :    2        1.000000      0.000000
