 Effective number of bins, and bins:            4           5

OBS :    1     -337.870453      0.790838

OBS :    2        1.000000      0.000000
