 Effective number of bins, and bins:            4           5

OBS :    1     -299.412671      0.215453

OBS :    2        1.000000      0.000000
