 Effective number of bins, and bins:            4           5

OBS :    1     -136.352346      0.352093

OBS :    2        1.000000      0.000000
