 Effective number of bins, and bins:            4           5

OBS :    1      107.872190      0.121007

OBS :    2        1.000000      0.000000
