 Effective number of bins, and bins:            4           5

OBS :    1     -163.060325      0.541375

OBS :    2        1.000000      0.000000
