 Effective number of bins, and bins:            9          10

OBS :    1      -30.718654      0.044217

OBS :    2        1.000000      0.000000
