 Effective number of bins, and bins:            9          10

OBS :    1       -0.676111      0.001815

OBS :    2        1.000000      0.000000
