 Effective number of bins, and bins:            9          10

OBS :    1       17.822143      0.028359

OBS :    2        1.000000      0.000000
