 Effective number of bins, and bins:            4           5

OBS :    1      -45.524922      0.334493

OBS :    2        1.000000      0.000000
