 Effective number of bins, and bins:            4           5

OBS :    1     -102.417135      0.361793

OBS :    2        1.000000      0.000000
