 Effective number of bins, and bins:            4           5

OBS :    1      -54.020534      0.405662

OBS :    2        1.000000      0.000000
