 Effective number of bins, and bins:            9          10

OBS :    1      -30.793419      0.042364

OBS :    2        1.000000      0.000000
