 Effective number of bins, and bins:            9          10

OBS :    1      -48.572035      0.068626

OBS :    2        1.000000      0.000000
