 Effective number of bins, and bins:            9          10

OBS :    1       -0.675442      0.004055

OBS :    2        1.000000      0.000000
