 Effective number of bins, and bins:            9          10

OBS :    1       17.778616      0.054615

OBS :    2        1.000000      0.000000
