 Effective number of bins, and bins:            4           5

OBS :    1      -21.114871      0.032133

OBS :    2        1.000000      0.000000
