 Effective number of bins, and bins:            4           5

OBS :    1      -44.477380      0.192608

OBS :    2        1.000000      0.000000
