 Effective number of bins, and bins:            4           5

OBS :    1       -6.831161      0.056515

OBS :    2        1.000000      0.000000
