 Effective number of bins, and bins:            4           5

OBS :    1      -37.984701      0.477530

OBS :    2        1.000000      0.000000
