 Effective number of bins, and bins:            4           5

OBS :    1      -43.460307      0.619379

OBS :    2        1.000000      0.000000
