 Effective number of bins, and bins:            4           5

OBS :    1      -19.617615      0.321417

OBS :    2        1.000000      0.000000
