 Effective number of bins, and bins:            4           5

OBS :    1       -0.659930      0.002692

OBS :    2        1.000000      0.000000
