 Effective number of bins, and bins:            4           5

OBS :    1        7.544286      0.010860

OBS :    2        1.000000      0.000000
