 Effective number of bins, and bins:            4           5

OBS :    1       56.160245      0.022163

OBS :    2        1.000000      0.000000
