 Effective number of bins, and bins:            4           5

OBS :    1      -76.621264      0.180390

OBS :    2        1.000000      0.000000
