 Effective number of bins, and bins:            4           5

OBS :    1     -126.293008      0.354832

OBS :    2        1.000000      0.000000
