 Effective number of bins, and bins:            4           5

OBS :    1      -17.286372      0.343343

OBS :    2        1.000000      0.000000
