 Effective number of bins, and bins:            4           5

OBS :    1      -33.222677      0.531007

OBS :    2        1.000000      0.000000
