 Effective number of bins, and bins:            4           5

OBS :    1       15.936305      0.218197

OBS :    2        1.000000      0.000000
