 Effective number of bins, and bins:            9          10

OBS :    1      -91.868207      0.110709

OBS :    2        1.000000      0.000000
