 Effective number of bins, and bins:            9          10

OBS :    1      -48.394616      0.027453

OBS :    2        1.000000      0.000000
