 Effective number of bins, and bins:            9          10

OBS :    1       30.785649      0.017017

OBS :    2        1.000000      0.000000
