 Effective number of bins, and bins:            4           5

OBS :    1     -101.650058      0.164852

OBS :    2        1.000000      0.000000
