 Effective number of bins, and bins:            4           5

OBS :    1      -48.269255      0.091008

OBS :    2        1.000000      0.000000
