 Effective number of bins, and bins:            4           5

OBS :    1      -53.380803      0.213144

OBS :    2        1.000000      0.000000
