 Effective number of bins, and bins:            4           5

OBS :    1     -100.911143      0.365052

OBS :    2        1.000000      0.000000
