 Effective number of bins, and bins:            4           5

OBS :    1      -47.930178      0.190364

OBS :    2        1.000000      0.000000
