 Effective number of bins, and bins:            4           5

OBS :    1      -95.206877      1.036559

OBS :    2        1.000000      0.000000
