 Effective number of bins, and bins:            4           5

OBS :    1      -85.588255      0.174052

OBS :    2        1.000000      0.000000
