 Effective number of bins, and bins:            4           5

OBS :    1       51.371635      0.251276

OBS :    2        1.000000      0.000000
