 Effective number of bins, and bins:            4           5

OBS :    1      -91.059789      0.324399

OBS :    2        1.000000      0.000000
