 Effective number of bins, and bins:            4           5

OBS :    1      -42.442888      0.233358

OBS :    2        1.000000      0.000000
