 Effective number of bins, and bins:            4           5

OBS :    1      -33.070876      0.382186

OBS :    2        1.000000      0.000000
