 Effective number of bins, and bins:            4           5

OBS :    1      -62.742171      0.739900

OBS :    2        1.000000      0.000000
