 Effective number of bins, and bins:            4           5

OBS :    1       29.671294      0.393601

OBS :    2        1.000000      0.000000
