 Effective number of bins, and bins:           24          25

OBS :    1      -13.558954      0.012714

OBS :    2        1.000000      0.000000
