 Effective number of bins, and bins:           24          25

OBS :    1        7.543656      0.011393

OBS :    2        1.000000      0.000000
