 Effective number of bins, and bins:            9          10

OBS :    1     -171.905626      0.092845

OBS :    2        1.000000      0.000000
