 Effective number of bins, and bins:            9          10

OBS :    1      -86.989185      0.030829

OBS :    2        1.000000      0.000000
