 Effective number of bins, and bins:            9          10

OBS :    1       58.653812      0.009279

OBS :    2        1.000000      0.000000
