 Effective number of bins, and bins:            9          10

OBS :    1      -84.916441      0.093040

OBS :    2        1.000000      0.000000
