 Effective number of bins, and bins:            4           5

OBS :    1     -183.252982      1.009398

OBS :    2        1.000000      0.000000
