 Effective number of bins, and bins:            4           5

OBS :    1      -87.205207      0.086975

OBS :    2        1.000000      0.000000
