 Effective number of bins, and bins:            4           5

OBS :    1      -85.665402      0.136414

OBS :    2        1.000000      0.000000
