 Effective number of bins, and bins:            4           5

OBS :    1       56.154042      0.022722

OBS :    2        1.000000      0.000000
