 Effective number of bins, and bins:            4           5

OBS :    1      -76.918900      0.405290

OBS :    2        1.000000      0.000000
