 Effective number of bins, and bins:            4           5

OBS :    1      -27.446352      0.314859

OBS :    2        1.000000      0.000000
