 Effective number of bins, and bins:            4           5

OBS :    1       11.459074      0.138466

OBS :    2        1.000000      0.000000
