 Effective number of bins, and bins:            9          10

OBS :    1      -97.412749      0.170963

OBS :    2        1.000000      0.000000
