 Effective number of bins, and bins:            9          10

OBS :    1       -0.627356      0.001514

OBS :    2        1.000000      0.000000
