 Effective number of bins, and bins:            9          10

OBS :    1      -45.099004      0.087773

OBS :    2        1.000000      0.000000
