 Effective number of bins, and bins:            9          10

OBS :    1      -52.313746      0.234374

OBS :    2        1.000000      0.000000
