 Effective number of bins, and bins:            4           5

OBS :    1       50.209549      1.662751

OBS :    2        0.998058      0.002243
