 Effective number of bins, and bins:            4           5

OBS :    1       13.420787      0.165813

OBS :    2        0.998058      0.002243
