 Effective number of bins, and bins:            9          10

OBS :    1     -164.655828      0.079282

OBS :    2        1.000000      0.000000
