 Effective number of bins, and bins:            9          10

OBS :    1      -86.639913      0.040451

OBS :    2        1.000000      0.000000
