 Effective number of bins, and bins:            4           5

OBS :    1     -327.580059      0.330878

OBS :    2        1.000000      0.000000
