 Effective number of bins, and bins:            4           5

OBS :    1     -133.498825      0.183819

OBS :    2        1.000000      0.000000
