 Effective number of bins, and bins:            4           5

OBS :    1      123.288387      0.058504

OBS :    2        1.000000      0.000000
