 Effective number of bins, and bins:            4           5

OBS :    1     -194.081234      0.295108

OBS :    2        1.000000      0.000000
