 Effective number of bins, and bins:            9          10

OBS :    1      -48.490206      0.017400

OBS :    2        1.000000      0.000000
