 Effective number of bins, and bins:            9          10

OBS :    1      -54.220586      0.128559

OBS :    2        1.000000      0.000000
