 Effective number of bins, and bins:            7           8

OBS :    1        7.545879      0.018185

OBS :    2        1.000000      0.000000
