 Effective number of bins, and bins:            4           5

OBS :    1     -307.914256      0.911398

OBS :    2        1.000000      0.000000
