 Effective number of bins, and bins:            4           5

OBS :    1     -123.687303      0.291776

OBS :    2        1.000000      0.000000
