 Effective number of bins, and bins:            4           5

OBS :    1      118.885764      0.090626

OBS :    2        1.000000      0.000000
