 Effective number of bins, and bins:            4           5

OBS :    1      -24.389398      0.279809

OBS :    2        1.000000      0.000000
