 Effective number of bins, and bins:            9          10

OBS :    1      -90.204089      0.094905

OBS :    2        1.000000      0.000000
