 Effective number of bins, and bins:            9          10

OBS :    1       32.434445      0.013364

OBS :    2        1.000000      0.000000
