 Effective number of bins, and bins:            4           5

OBS :    1     -113.039007      0.376510

OBS :    2        1.000000      0.000000
