 Effective number of bins, and bins:            4           5

OBS :    1      -74.443842      0.218069

OBS :    2        1.000000      0.000000
