 Effective number of bins, and bins:            4           5

OBS :    1       34.933200      0.108386

OBS :    2        1.000000      0.000000
