 Effective number of bins, and bins:            4           5

OBS :    1     -178.517962      0.444491

OBS :    2        1.000000      0.000000
