 Effective number of bins, and bins:            9          10

OBS :    1      -28.869125      0.073483

OBS :    2        1.000000      0.000000
