 Effective number of bins, and bins:            9          10

OBS :    1       19.077127      0.051517

OBS :    2        1.000000      0.000000
