 Effective number of bins, and bins:            4           5

OBS :    1     -338.414389      0.178008

OBS :    2        1.000000      0.000000
