 Effective number of bins, and bins:            4           5

OBS :    1     -130.900812      0.115295

OBS :    2        1.000000      0.000000
