 Effective number of bins, and bins:            4           5

OBS :    1      129.399622      0.022547

OBS :    2        1.000000      0.000000
