 Effective number of bins, and bins:            4           5

OBS :    1     -207.513578      0.266867

OBS :    2        1.000000      0.000000
