 Effective number of bins, and bins:            9          10

OBS :    1     -168.540133      0.135806

OBS :    2        1.000000      0.000000
