 Effective number of bins, and bins:            9          10

OBS :    1      -85.757829      0.065458

OBS :    2        1.000000      0.000000
