 Effective number of bins, and bins:            9          10

OBS :    1       58.759287      0.011079

OBS :    2        1.000000      0.000000
