 Effective number of bins, and bins:            9          10

OBS :    1      -82.782303      0.170079

OBS :    2        1.000000      0.000000
