 Effective number of bins, and bins:            4           5

OBS :    1      -21.068530      0.069902

OBS :    2        1.000000      0.000000
