 Effective number of bins, and bins:            9          10

OBS :    1     -161.173761      0.149784

OBS :    2        1.000000      0.000000
