 Effective number of bins, and bins:            9          10

OBS :    1       57.869532      0.009738

OBS :    2        1.000000      0.000000
