 Effective number of bins, and bins:            9          10

OBS :    1      -92.019878      0.083853

OBS :    2        1.000000      0.000000
