 Effective number of bins, and bins:            9          10

OBS :    1      -48.297011      0.034619

OBS :    2        1.000000      0.000000
