 Effective number of bins, and bins:            9          10

OBS :    1       31.033515      0.021022

OBS :    2        1.000000      0.000000
