 Effective number of bins, and bins:            4           5

OBS :    1      -30.647968      0.134945

OBS :    2        1.000000      0.000000
