 Effective number of bins, and bins:            4           5

OBS :    1     -165.322470      0.264059

OBS :    2        1.000000      0.000000
