 Effective number of bins, and bins:            4           5

OBS :    1       55.378230      0.070058

OBS :    2        1.000000      0.000000
