 Effective number of bins, and bins:            4           5

OBS :    1       18.866095      0.101147

OBS :    2        1.000000      0.000000
