 Effective number of bins, and bins:            4           5

OBS :    1      -78.489943      0.907040

OBS :    2        1.000000      0.000000
