 Effective number of bins, and bins:            4           5

OBS :    1       -0.682454      0.002697

OBS :    2        1.000000      0.000000
