 Effective number of bins, and bins:            4           5

OBS :    1      108.013632      0.039195

OBS :    2        1.000000      0.000000
