 Effective number of bins, and bins:            4           5

OBS :    1     -165.443781      0.795617

OBS :    2        1.000000      0.000000
