 Effective number of bins, and bins:            4           5

OBS :    1      -44.792449      0.103304

OBS :    2        1.000000      0.000000
