 Effective number of bins, and bins:            4           5

OBS :    1      -21.048351      0.024868

OBS :    2        1.000000      0.000000
