 Effective number of bins, and bins:            4           5

OBS :    1     -159.425962      0.048956

OBS :    2        1.000000      0.000000
