 Effective number of bins, and bins:            9          10

OBS :    1      -85.963510      0.057613

OBS :    2        1.000000      0.000000
