 Effective number of bins, and bins:            9          10

OBS :    1       61.362485      0.006148

OBS :    2        1.000000      0.000000
