 Effective number of bins, and bins:            9          10

OBS :    1      -87.947925      0.182309

OBS :    2        1.000000      0.000000
