 Effective number of bins, and bins:            4           5

OBS :    1        5.686387      0.051254

OBS :    2        1.000000      0.000000
