 Effective number of bins, and bins:            4           5

OBS :    1      -48.400741      0.186420

OBS :    2        1.000000      0.000000
