 Effective number of bins, and bins:            9          10

OBS :    1      -13.769630      0.263173

OBS :    2        1.000000      0.000000
