 Effective number of bins, and bins:            4           5

OBS :    1      -11.036965      0.064302

OBS :    2        1.000000      0.000000
