 Effective number of bins, and bins:            4           5

OBS :    1     -102.057884      0.380606

OBS :    2        1.000000      0.000000
