 Effective number of bins, and bins:            4           5

OBS :    1      -53.606605      0.418251

OBS :    2        1.000000      0.000000
