 Effective number of bins, and bins:            4           5

OBS :    1       11.220604      0.247988

OBS :    2        1.000000      0.000000
