 Effective number of bins, and bins:            9          10

OBS :    1      -87.118521      0.040108

OBS :    2        1.000000      0.000000
