 Effective number of bins, and bins:            9          10

OBS :    1       61.683365      0.006425

OBS :    2        1.000000      0.000000
