 Effective number of bins, and bins:            9          10

OBS :    1      -90.831836      0.104255

OBS :    2        1.000000      0.000000
