 Effective number of bins, and bins:            4           5

OBS :    1        7.966457      0.219809

OBS :    2        1.000000      0.000000
