 Effective number of bins, and bins:            3           4

OBS :    1      -21.066236      0.035963

OBS :    2        1.000000      0.000000
