 Effective number of bins, and bins:            3           4

OBS :    1        7.525962      0.033435

OBS :    2        1.000000      0.000000
