 Effective number of bins, and bins:            5           6

OBS :    1      -13.555873      0.040896

OBS :    2        1.000000      0.000000
