 Effective number of bins, and bins:            5           6

OBS :    1      -21.081337      0.054347

OBS :    2        1.000000      0.000000
