 Effective number of bins, and bins:            5           6

OBS :    1        7.525465      0.031957

OBS :    2        1.000000      0.000000
