 Effective number of bins, and bins:            9          10

OBS :    1     -180.304448      0.357853

OBS :    2        1.000000      0.000000
