 Effective number of bins, and bins:            9          10

OBS :    1       63.034872      0.002995

OBS :    2        1.000000      0.000000
