 Effective number of bins, and bins:            4           5

OBS :    1      -78.584818      0.628255

OBS :    2        1.000000      0.000000
