 Effective number of bins, and bins:            4           5

OBS :    1      -30.891090      0.115618

OBS :    2        1.000000      0.000000
