 Effective number of bins, and bins:            9          10

OBS :    1     -181.021961      0.148010

OBS :    2        1.000000      0.000000
