 Effective number of bins, and bins:            4           5

OBS :    1     -328.040077      0.484305

OBS :    2        1.000000      0.000000
