 Effective number of bins, and bins:            4           5

OBS :    1     -118.497360      0.216580

OBS :    2        1.000000      0.000000
