 Effective number of bins, and bins:            4           5

OBS :    1      130.409576      0.065005

OBS :    2        1.000000      0.000000
