 Effective number of bins, and bins:            4           5

OBS :    1     -183.915008      1.796886

OBS :    2        1.000000      0.000000
