 Effective number of bins, and bins:           24          25

OBS :    1       -0.659440      0.001268

OBS :    2        1.000000      0.000000
