 Effective number of bins, and bins:           24          25

OBS :    1      -21.102611      0.011957

OBS :    2        1.000000      0.000000
