 Effective number of bins, and bins:            4           5

OBS :    1      -10.740409      0.043385

OBS :    2        1.000000      0.000000
