 Effective number of bins, and bins:            4           5

OBS :    1      -16.436587      0.031655

OBS :    2        1.000000      0.000000
