 Effective number of bins, and bins:            4           5

OBS :    1      -84.310341      0.458825

OBS :    2        1.000000      0.000000
