 Effective number of bins, and bins:            4           5

OBS :    1      -40.986348      0.269514

OBS :    2        1.000000      0.000000
