 Effective number of bins, and bins:            9          10

OBS :    1     -161.517041      0.571646

OBS :    2        1.000000      0.000000
