 Effective number of bins, and bins:            9          10

OBS :    1      -80.035922      0.164617

OBS :    2        1.000000      0.000000
