 Effective number of bins, and bins:            9          10

OBS :    1       57.871089      0.016115

OBS :    2        1.000000      0.000000
