 Effective number of bins, and bins:            9          10

OBS :    1      -81.481119      0.630352

OBS :    2        1.000000      0.000000
