 Effective number of bins, and bins:            9          10

OBS :    1      -91.064959      0.072921

OBS :    2        1.000000      0.000000
