 Effective number of bins, and bins:            9          10

OBS :    1      -47.635506      0.045433

OBS :    2        1.000000      0.000000
