 Effective number of bins, and bins:            9          10

OBS :    1       31.277470      0.015331

OBS :    2        1.000000      0.000000
