 Effective number of bins, and bins:            9          10

OBS :    1      -43.429453      0.066916

OBS :    2        1.000000      0.000000
