 Effective number of bins, and bins:            4           5

OBS :    1     -140.531205      0.265595

OBS :    2        1.000000      0.000000
