 Effective number of bins, and bins:            4           5

OBS :    1     -159.849470      0.305998

OBS :    2        1.000000      0.000000
