 Effective number of bins, and bins:            4           5

OBS :    1       19.318265      0.042726

OBS :    2        1.000000      0.000000
