 Effective number of bins, and bins:            4           5

OBS :    1      -30.510877      0.053803

OBS :    2        1.000000      0.000000
