 Effective number of bins, and bins:            4           5

OBS :    1      -49.084775      0.160647

OBS :    2        1.000000      0.000000
