 Effective number of bins, and bins:            4           5

OBS :    1      -24.527562      0.257651

OBS :    2        1.000000      0.000000
