 Effective number of bins, and bins:            9          10

OBS :    1      -86.827751      0.039634

OBS :    2        1.000000      0.000000
