 Effective number of bins, and bins:            9          10

OBS :    1      -77.990489      0.108780

OBS :    2        1.000000      0.000000
