 Effective number of bins, and bins:            4           5

OBS :    1      -31.038236      0.240285

OBS :    2        1.000000      0.000000
