 Effective number of bins, and bins:            4           5

OBS :    1      -49.298759      0.193545

OBS :    2        1.000000      0.000000
