 Effective number of bins, and bins:            4           5

OBS :    1      -30.901878      0.103427

OBS :    2        1.000000      0.000000
