 Effective number of bins, and bins:            4           5

OBS :    1       17.759336      0.215978

OBS :    2        1.000000      0.000000
