 Effective number of bins, and bins:            4           5

OBS :    1      -45.672407      0.299360

OBS :    2        1.000000      0.000000
