 Effective number of bins, and bins:            4           5

OBS :    1       -0.660634      0.002902

OBS :    2        1.000000      0.000000
