 Effective number of bins, and bins:            4           5

OBS :    1     -140.184098      0.044699

OBS :    2        1.000000      0.000000
