 Effective number of bins, and bins:            4           5

OBS :    1       19.241864      0.025483

OBS :    2        1.000000      0.000000
