 Effective number of bins, and bins:            4           5

OBS :    1     -162.290943      1.327701

OBS :    2        1.000000      0.000000
