 Effective number of bins, and bins:            4           5

OBS :    1      -80.172168      0.215717

OBS :    2        1.000000      0.000000
