 Effective number of bins, and bins:            4           5

OBS :    1       57.891730      0.022656

OBS :    2        1.000000      0.000000
