 Effective number of bins, and bins:            4           5

OBS :    1      -82.118775      1.467795

OBS :    2        1.000000      0.000000
